0.01 0.0006117 0.00100021 205.991 0 2374.9 0.00 2500.9 2500.9 0 9.1555 9.1555
1 0.0006571 0.00100015 192.439 4.18 2376.2 4.18 2502.7 2498.6 0.01526 9.1291 9.1138
2 0.0007060 0.00100011 179.758 8.39 2377.7 8.39 2504.6 2496.2 0.03061 9.1027 9.0720
3 0.0007581 0.00100008 168.008 12.60 2379.0 12.60 2506.4 2493.8 0.04589 9.0765 9.0306
4 0.0008135 0.00100007 157.116 16.81 2380.4 16.81 2508.2 2491.4 0.06110 9.0505 8.9894
5 0.0008726 0.00100008 147.011 21.02 2381.8 21.02 2510.1 2489.0 0.07625 9.0248 8.9486
6 0.0009354 0.00100011 137.633 25.22 2383.2 25.22 2511.9 2486.7 0.09134 8.9993 8.9080
7 0.0010021 0.00100014 128.923 29.43 2384.5 29.43 2513.7 2484.3 0.10637 8.9741 8.8677
8 0.0010730 0.00100020 120.829 33.63 2386.0 33.63 2515.6 2481.9 0.12133 8.9491 8.8278
9 0.0011483 0.00100026 113.304 37.82 2387.3 37.82 2517.4 2479.6 0.13624 8.9243 8.7881
10 0.0012282 0.00100035 106.303 42.02 2388.6 42.02 2519.2 2477.2 0.15109 8.8998 8.7487
11 0.0013130 0.00100044 99.787 46.22 2390.0 46.22 2521.0 2474.8 0.16587 8.8754 8.7096
12 0.0014028 0.00100055 93.719 50.41 2391.4 50.41 2522.9 2472.5 0.18061 8.8513 8.6707
13 0.0014981 0.00100067 88.064 54.60 2392.8 54.60 2524.7 2470.1 0.19528 8.8274 8.6321
14 0.0015990 0.00100080 82.793 58.79 2394.1 58.79 2526.5 2467.7 0.20990 8.8037 8.5938
15 0.0017058 0.00100094 77.875 62.98 2395.5 62.98 2528.3 2465.4 0.22446 8.7803 8.5558
16 0.0018188 0.00100110 73.286 67.17 2396.9 67.17 2530.2 2463.0 0.23897 8.7570 8.5180
17 0.0019384 0.00100127 69.001 71.36 2398.2 71.36 2532.0 2460.6 0.25343 8.7339 8.4805
18 0.0020647 0.00100145 64.998 75.54 2399.6 75.54 2533.8 2458.3 0.26783 8.7111 8.4433
19 0.0021983 0.00100164 61.256 79.73 2400.9 79.73 2535.6 2455.9 0.28218 8.6884 8.4063
20 0.0023393 0.00100184 57.757 83.91 2402.3 83.91 2537.4 2453.5 0.29648 8.6660 8.3695
21 0.0024882 0.00100205 54.483 88.10 2403.7 88.10 2539.3 2451.2 0.31073 8.6437 8.3330
22 0.0026453 0.00100228 51.418 92.28 2405.1 92.28 2541.1 2448.8 0.32493 8.6217 8.2967
23 0.0028111 0.00100251 48.548 96.46 2406.4 96.46 2542.9 2446.4 0.33908 8.5998 8.2607
24 0.0029858 0.00100275 45.858 100.65 2407.8 100.65 2544.7 2444.0 0.35318 8.5781 8.2250
25 0.0031699 0.00100301 43.337 104.83 2409.1 104.83 2546.5 2441.7 0.36722 8.5566 8.1894
26 0.0033639 0.00100327 40.973 109.01 2410.5 109.01 2548.3 2439.3 0.38123 8.5353 8.1541
27 0.0035681 0.00100354 38.754 113.19 2411.8 113.19 2550.1 2436.9 0.39518 8.5142 8.1191
28 0.0037831 0.00100382 36.672 117.37 2413.2 117.37 2551.9 2434.6 0.40908 8.4933 8.0842
29 0.0040092 0.00100411 34.716 121.55 2414.5 121.55 2553.7 2432.2 0.42294 8.4725 8.0496
30 0.0042470 0.00100441 32.878 125.73 2415.9 125.73 2555.5 2429.8 0.43675 8.4520 8.0152
31 0.0044969 0.00100472 31.151 129.91 2417.2 129.91 2557.3 2427.4 0.45052 8.4316 7.9810
32 0.0047596 0.00100504 29.526 134.09 2418.7 134.09 2559.2 2425.1 0.46424 8.4113 7.9471
33 0.0050354 0.00100537 27.998 138.26 2420.0 138.27 2561.0 2422.7 0.47792 8.3913 7.9134
34 0.0053251 0.00100570 26.560 142.44 2421.4 142.45 2562.8 2420.3 0.49155 8.3714 7.8799
35 0.0056290 0.00100605 25.205 146.62 2422.6 146.63 2564.5 2417.9 0.50513 8.3517 7.8466
36 0.0059479 0.00100640 23.929 150.80 2424.0 150.81 2566.3 2415.5 0.51867 8.3321 7.8135
37 0.0062823 0.00100676 22.727 154.98 2425.3 154.99 2568.1 2413.1 0.53217 8.3127 7.7806
38 0.0066328 0.00100713 21.593 159.16 2426.7 159.17 2569.9 2410.8 0.54562 8.2935 7.7479
39 0.0070002 0.00100750 20.524 163.34 2428.0 163.35 2571.7 2408.4 0.55903 8.2745 7.7154
40 0.0073849 0.00100789 19.515 167.52 2429.4 167.53 2573.5 2406.0 0.57240 8.2555 7.6831
40 0.0073849 0.00100789 19.515 167.52 2429.4 167.53 2573.5 2406.0 0.57240 8.2555 7.6831
41 0.0077878 0.00100828 18.563 171.70 2430.7 171.71 2575.3 2403.6 0.58573 8.2368 7.6511
42 0.0082096 0.00100868 17.664 175.88 2432.1 175.89 2577.1 2401.2 0.59901 8.2182 7.6192
43 0.0086508 0.00100909 16.814 180.06 2433.4 180.07 2578.9 2398.8 0.61225 8.1998 7.5875
44 0.0091124 0.00100950 16.011 184.24 2434.7 184.25 2580.6 2396.4 0.62545 8.1815 7.5560
45 0.0095950 0.00100992 15.252 188.42 2436.1 188.43 2582.4 2394.0 0.63861 8.1633 7.5247
46 0.010099 0.00101036 14.534 192.61 2437.4 192.62 2584.2 2391.6 0.65173 8.1453 7.4936
47 0.010627 0.00101079 13.855 196.79 2438.8 196.80 2586.0 2389.2 0.66481 8.1275 7.4627
48 0.011177 0.00101124 13.212 200.97 2440.1 200.98 2587.8 2386.8 0.67785 8.1098 7.4320
49 0.011752 0.00101169 12.603 205.15 2441.4 205.16 2589.5 2384.4 0.69085 8.0922 7.4014
50 0.012352 0.00101215 12.027 209.33 2442.7 209.34 2591.3 2381.9 0.70381 8.0748 7.3710
51 0.012978 0.00101262 11.481 213.51 2444.1 213.52 2593.1 2379.5 0.71673 8.0576 7.3408
52 0.013631 0.00101309 10.963 217.70 2445.4 217.71 2594.8 2377.1 0.72961 8.0404 7.3108
53 0.014312 0.00101357 10.472 221.88 2446.7 221.89 2596.6 2374.7 0.74245 8.0234 7.2810
54 0.015022 0.00101406 10.006 226.05 2448.0 226.07 2598.3 2372.3 0.75526 8.0066 7.2513
55 0.015762 0.00101455 9.5643 230.24 2449.3 230.26 2600.1 2369.8 0.76802 7.9898 7.2218
56 0.016533 0.00101505 9.1448 234.42 2450.6 234.44 2601.8 2367.4 0.78075 7.9732 7.1925
57 0.017336 0.00101556 8.7466 238.60 2452.0 238.62 2603.6 2365.0 0.79344 7.9568 7.1633
58 0.018171 0.00101608 8.3683 242.79 2453.2 242.81 2605.3 2362.5 0.80610 7.9404 7.1343
59 0.019041 0.00101660 8.0089 246.97 2454.6 246.99 2607.1 2360.1 0.81871 7.9242 7.1055
60 0.019946 0.00101713 7.6672 251.16 2455.9 251.18 2608.8 2357.7 0.83129 7.9081 7.0769
61 0.020888 0.00101766 7.3424 255.35 2457.2 255.37 2610.6 2355.2 0.84384 7.8922 7.0484
62 0.021867 0.00101821 7.0335 259.53 2458.5 259.55 2612.3 2352.8 0.85634 7.8764 7.0200
63 0.022885 0.00101875 6.7396 263.72 2459.8 263.74 2614.0 2350.3 0.86882 7.8607 6.9918
64 0.023943 0.00101931 6.4598 267.91 2461.1 267.93 2615.8 2347.8 0.88125 7.8451 6.9638
65 0.025042 0.00101987 6.1935 272.09 2462.4 272.12 2617.5 2345.4 0.89365 7.8296 6.9359
66 0.026183 0.00102044 5.9399 276.27 2463.7 276.30 2619.2 2342.9 0.90602 7.8142 6.9082
67 0.027368 0.00102101 5.6984 280.46 2465.0 280.49 2621.0 2340.5 0.91835 7.7990 6.8807
68 0.028599 0.00102159 5.4682 284.65 2466.3 284.68 2622.7 2338.0 0.93064 7.7839 6.8532
69 0.029876 0.00102218 5.2488 288.84 2467.6 288.87 2624.4 2335.5 0.94291 7.7689 6.8260
70 0.031201 0.00102277 5.0395 293.04 2468.9 293.07 2626.1 2333.0 0.95513 7.7540 6.7989
71 0.032575 0.00102337 4.8400 297.23 2470.1 297.26 2627.8 2330.5 0.96733 7.7392 6.7719
72 0.034000 0.00102398 4.6496 301.42 2471.4 301.45 2629.5 2328.1 0.97949 7.7246 6.7451
73 0.035478 0.00102459 4.4680 305.60 2472.7 305.64 2631.2 2325.6 0.99161 7.7100 6.7184
74 0.037009 0.00102521 4.2945 309.80 2474.0 309.84 2632.9 2323.1 1.0037 7.6955 6.6918
75 0.038595 0.00102584 4.1289 313.99 2475.2 314.03 2634.6 2320.6 1.0158 7.6812 6.6654
76 0.040239 0.00102647 3.9708 318.18 2476.5 318.22 2636.3 2318.1 1.0278 7.6670 6.6392
77 0.041941 0.00102710 3.8197 322.38 2477.8 322.42 2638.0 2315.6 1.0398 7.6528 6.6130
78 0.043703 0.00102775 3.6752 326.58 2479.1 326.62 2639.7 2313.0 1.0517 7.6388 6.5871
79 0.045527 0.00102840 3.5372 330.76 2480.3 330.81 2641.3 2310.5 1.0637 7.6249 6.5612
80 0.047414 0.00102905 3.4052 334.96 2481.5 335.01 2643.0 2308.0 1.0756 7.6111 6.5355
80 0.047414 0.00102905 3.4052 334.96 2481.5 335.01 2643.0 2308.0 1.0756 7.6111 6.5355
81 0.049367 0.00102972 3.2789 339.16 2482.8 339.21 2644.7 2305.5 1.0874 7.5973 6.5099
82 0.051387 0.00103038 3.1581 343.36 2484.1 343.41 2646.4 2302.9 1.0993 7.5837 6.4844
83 0.053476 0.00103106 3.0425 347.55 2485.3 347.61 2648.0 2300.4 1.1111 7.5702 6.4591
84 0.055635 0.00103174 2.9318 351.75 2486.6 351.81 2649.7 2297.9 1.1229 7.5567 6.4339
85 0.057867 0.00103243 2.8258 355.95 2487.8 356.01 2651.3 2295.3 1.1346 7.5434 6.4088
86 0.060173 0.00103312 2.7244 360.16 2489.1 360.22 2653.0 2292.8 1.1463 7.5302 6.3838
87 0.062556 0.00103382 2.6271 364.36 2490.3 364.42 2654.6 2290.2 1.1580 7.5170 6.3590
88 0.065017 0.00103452 2.5340 368.56 2491.5 368.63 2656.3 2287.6 1.1696 7.5040 6.3343
89 0.067558 0.00103524 2.4447 372.76 2492.7 372.83 2657.9 2285.1 1.1813 7.4910 6.3097
90 0.070182 0.00103595 2.3591 376.97 2493.9 377.04 2659.5 2282.5 1.1929 7.4781 6.2853
91 0.072890 0.00103668 2.2770 381.17 2495.2 381.25 2661.2 2279.9 1.2044 7.4653 6.2609
92 0.075684 0.00103741 2.1982 385.38 2496.4 385.46 2662.8 2277.3 1.2160 7.4526 6.2367
93 0.078568 0.00103814 2.1227 389.59 2497.6 389.67 2664.4 2274.7 1.2275 7.4400 6.2126
94 0.081541 0.00103888 2.0502 393.80 2498.8 393.88 2666.0 2272.1 1.2389 7.4275 6.1886
95 0.084608 0.00103963 1.9806 398.00 2500.0 398.09 2667.6 2269.5 1.2504 7.4151 6.1647
96 0.087771 0.00104038 1.9137 402.21 2501.2 402.30 2669.2 2266.9 1.2618 7.4027 6.1409
97 0.091030 0.00104114 1.8496 406.43 2502.4 406.52 2670.8 2264.3 1.2732 7.3904 6.1172
98 0.094390 0.00104191 1.7879 410.63 2503.6 410.73 2672.4 2261.7 1.2846 7.3783 6.0937
99 0.097852 0.00104268 1.7287 414.85 2504.8 414.95 2674.0 2259.0 1.2959 7.3661 6.0702
100 0.10142 0.00104346 1.6718 419.06 2506.0 419.17 2675.6 2256.4 1.3072 7.3541 6.0469
101 0.10509 0.00104425 1.6171 423.28 2507.2 423.39 2677.1 2253.8 1.3185 7.3422 6.0237
102 0.10887 0.00104504 1.5644 427.50 2508.4 427.61 2678.7 2251.1 1.3297 7.3303 6.0006
103 0.11277 0.00104583 1.5139 431.71 2509.6 431.83 2680.3 2248.5 1.3410 7.3185 5.9775
104 0.11678 0.00104664 1.4652 435.93 2510.7 436.05 2681.8 2245.8 1.3522 7.3068 5.9546
105 0.12090 0.00104744 1.4184 440.14 2511.9 440.27 2683.4 2243.1 1.3633 7.2952 5.9318
106 0.12515 0.00104826 1.3733 444.37 2513.0 444.50 2684.9 2240.4 1.3745 7.2836 5.9091
107 0.12952 0.00104908 1.3300 448.59 2514.2 448.73 2686.5 2237.7 1.3856 7.2721 5.8865
108 0.13401 0.00104991 1.2882 452.81 2515.4 452.95 2688.0 2235.1 1.3967 7.2607 5.8640
109 0.13863 0.00105074 1.2480 457.03 2516.5 457.18 2689.5 2232.4 1.4078 7.2493 5.8416
110 0.14338 0.00105158 1.2093 461.27 2517.7 461.42 2691.1 2229.6 1.4188 7.2381 5.8193
111 0.14826 0.00105243 1.1720 465.49 2518.8 465.65 2692.6 2226.9 1.4298 7.2269 5.7970
112 0.15328 0.00105328 1.1361 469.72 2520.0 469.88 2694.1 2224.2 1.4408 7.2157 5.7749
113 0.15844 0.00105414 1.1014 473.95 2521.1 474.12 2695.6 2221.5 1.4518 7.2047 5.7529
114 0.16374 0.00105500 1.0680 478.18 2522.2 478.35 2697.1 2218.7 1.4628 7.1937 5.7309
115 0.16918 0.00105588 1.0358 482.41 2523.4 482.59 2698.6 2216.0 1.4737 7.1828 5.7091
116 0.17477 0.00105675 0.99522 486.65 2526.2 486.83 2700.1 2213.2 1.4846 7.1719 5.6873
117 0.18052 0.00105764 0.97486 490.89 2525.5 491.08 2701.5 2210.5 1.4954 7.1611 5.6657
118 0.18641 0.00105853 0.94598 495.12 2526.7 495.32 2703.0 2207.7 1.5063 7.1504 5.6441
119 0.19246 0.00105942 0.91811 499.36 2527.8 499.56 2704.5 2204.9 1.5171 7.1397 5.6226
120 0.19867 0.00106033 0.89121 503.60 2528.8 503.81 2705.9 2202.1 1.5279 7.1291 5.6012
120 0.19867 0.00106033 0.89121 503.60 2528.8 503.81 2705.9 2202.1 1.5279 7.1291 5.6012
121 0.20505 0.00106123 0.86525 507.84 2530.0 508.06 2707.4 2199.3 1.5387 7.1186 5.5799
122 0.21159 0.00106215 0.84019 512.09 2531.0 512.31 2708.8 2196.5 1.5494 7.1081 5.5587
123 0.21830 0.00106307 0.81598 516.33 2532.2 516.56 2710.3 2193.7 1.5602 7.0977 5.5375
124 0.22518 0.00106400 0.79261 520.58 2533.2 520.82 2711.7 2190.9 1.5709 7.0873 5.5165
125 0.23224 0.00106494 0.77003 524.82 2534.3 525.07 2713.1 2188.0 1.5816 7.0770 5.4955
126 0.23947 0.00106588 0.74821 529.07 2535.3 529.33 2714.5 2185.2 1.5922 7.0668 5.4746
127 0.24689 0.00106683 0.72713 533.33 2536.4 533.59 2715.9 2182.3 1.6029 7.0566 5.4538
128 0.25450 0.00106778 0.70675 537.58 2537.4 537.85 2717.3 2179.5 1.6135 7.0465 5.4330
129 0.26229 0.00106874 0.68705 541.84 2538.5 542.12 2718.7 2176.6 1.6241 7.0364 5.4124
130 0.27028 0.00106971 0.66800 546.09 2539.6 546.38 2720.1 2173.7 1.6346 7.0264 5.3918
131 0.27846 0.00107068 0.64959 550.35 2540.6 550.65 2721.5 2170.8 1.6452 7.0165 5.3713
132 0.28685 0.00107166 0.63177 554.61 2541.6 554.92 2722.8 2167.9 1.6557 7.0066 5.3509
133 0.29543 0.00107265 0.61454 558.87 2542.6 559.19 2724.2 2165.0 1.6662 6.9967 5.3305
134 0.30423 0.00107365 0.59786 563.14 2543.6 563.47 2725.5 2162.1 1.6767 6.9869 5.3102
135 0.31323 0.00107465 0.58173 567.40 2544.7 567.74 2726.9 2159.1 1.6872 6.9772 5.2900
136 0.32245 0.00107566 0.56611 571.67 2545.7 572.02 2728.2 2156.2 1.6976 6.9675 5.2699
137 0.33188 0.00107667 0.55099 575.94 2546.6 576.30 2729.5 2153.2 1.7081 6.9579 5.2498
138 0.34154 0.00107769 0.53636 580.22 2547.6 580.59 2730.8 2150.3 1.7185 6.9483 5.2298
139 0.35143 0.00107872 0.52218 584.49 2548.6 584.87 2732.1 2147.3 1.7289 6.9388 5.2099
140 0.36154 0.00107976 0.50845 588.77 2549.6 589.16 2733.4 2144.3 1.7392 6.9293 5.1901
141 0.37189 0.00108080 0.49516 593.05 2550.6 593.45 2734.7 2141.3 1.7496 6.9199 5.1703
142 0.38247 0.00108185 0.48227 597.33 2551.5 597.74 2736.0 2138.3 1.7599 6.9105 5.1506
143 0.39329 0.00108291 0.46979 601.61 2552.5 602.04 2737.3 2135.2 1.7702 6.9011 5.1309
144 0.40437 0.00108397 0.45769 605.90 2553.4 606.34 2738.5 2132.2 1.7805 6.8919 5.1114
145 0.41568 0.00108504 0.44596 610.19 2554.4 610.64 2739.8 2129.2 1.7907 6.8826 5.0919
146 0.42726 0.00108612 0.43459 614.48 2555.3 614.94 2741.0 2126.1 1.8010 6.8734 5.0724
147 0.43909 0.00108720 0.42357 618.77 2556.3 619.25 2742.3 2123.0 1.8112 6.8643 5.0530
148 0.45118 0.00108830 0.41288 623.07 2557.2 623.56 2743.5 2119.9 1.8214 6.8552 5.0337
149 0.46354 0.00108940 0.40251 627.37 2558.1 627.87 2744.7 2116.9 1.8316 6.8461 5.0145
150 0.47616 0.00109050 0.39245 631.66 2559.0 632.18 2745.9 2113.7 1.8418 6.8371 4.9953
151 0.48907 0.00109162 0.38269 635.97 2559.9 636.50 2747.1 2110.6 1.8520 6.8281 4.9761
152 0.50225 0.00109274 0.37323 640.26 2560.8 640.81 2748.3 2107.5 1.8621 6.8192 4.9571
153 0.51571 0.00109387 0.36404 644.58 2561.8 645.14 2749.5 2104.3 1.8722 6.8103 4.9380
154 0.52946 0.00109501 0.35512 648.88 2562.7 649.46 2750.7 2101.2 1.8823 6.8014 4.9191
155 0.54350 0.00109615 0.34646 653.19 2563.5 653.79 2751.8 2098.0 1.8924 6.7926 4.9002
156 0.55784 0.00109730 0.33805 657.51 2564.4 658.12 2753.0 2094.8 1.9025 6.7838 4.8814
157 0.57247 0.00109846 0.32989 661.82 2565.2 662.45 2754.1 2091.6 1.9125 6.7751 4.8626
158 0.58742 0.00109963 0.32196 666.14 2566.1 666.79 2755.2 2088.4 1.9225 6.7664 4.8439
159 0.60267 0.00110081 0.31426 670.47 2566.9 671.13 2756.3 2085.2 1.9326 6.7578 4.8252
160 0.61823 0.00110199 0.30678 674.79 2567.7 675.47 2757.4 2082.0 1.9426 6.7491 4.8066
160 0.61823 0.00110199 0.30678 674.79 2567.7 675.47 2757.4 2082.0 1.9426 6.7491 4.8066
161 0.63412 0.00110318 0.29951 679.12 2568.6 679.82 2758.5 2078.7 1.9525 6.7406 4.7880
162 0.65033 0.00110438 0.29245 683.45 2569.4 684.17 2759.6 2075.5 1.9625 6.7320 4.7695
163 0.66686 0.00110559 0.28559 687.78 2570.3 688.52 2760.7 2072.2 1.9725 6.7235 4.7511
164 0.68373 0.00110680 0.27892 692.12 2571.1 692.88 2761.8 2068.9 1.9824 6.7150 4.7327
165 0.70093 0.00110803 0.27243 696.46 2571.8 697.24 2762.8 2065.6 1.9923 6.7066 4.7143
166 0.71848 0.00110926 0.26612 700.80 2572.7 701.60 2763.9 2062.3 2.0022 6.6982 4.6960
167 0.73638 0.00111050 0.25999 705.14 2573.4 705.96 2764.9 2058.9 2.0121 6.6898 4.6778
168 0.75462 0.00111175 0.25403 709.49 2574.2 710.33 2765.9 2055.6 2.0220 6.6815 4.6596
169 0.77322 0.00111300 0.24823 713.85 2575.0 714.71 2766.9 2052.2 2.0318 6.6732 4.6414
170 0.79219 0.00111427 0.24259 718.20 2575.7 719.08 2767.9 2048.8 2.0417 6.6650 4.6233
171 0.81152 0.00111554 0.23710 722.55 2576.5 723.46 2768.9 2045.4 2.0515 6.6567 4.6053
172 0.83122 0.00111682 0.23176 726.92 2577.3 727.85 2769.9 2042.0 2.0613 6.6485 4.5872
173 0.85130 0.00111811 0.22656 731.28 2577.9 732.23 2770.8 2038.6 2.0711 6.6404 4.5693
174 0.87176 0.00111941 0.22150 735.65 2578.7 736.63 2771.8 2035.1 2.0809 6.6322 4.5514
175 0.89260 0.00112072 0.21658 740.02 2579.4 741.02 2772.7 2031.7 2.0906 6.6241 4.5335
176 0.91384 0.00112204 0.21179 744.39 2580.1 745.42 2773.6 2028.2 2.1004 6.6161 4.5157
177 0.93547 0.00112336 0.20712 748.77 2580.7 749.82 2774.5 2024.7 2.1101 6.6080 4.4979
178 0.95751 0.00112470 0.20258 753.15 2581.4 754.23 2775.4 2021.2 2.1198 6.6000 4.4802
179 0.97995 0.00112604 0.19815 757.54 2582.1 758.64 2776.3 2017.7 2.1296 6.5920 4.4625
180 1.0028 0.00112740 0.19384 761.92 2582.8 763.05 2777.2 2014.2 2.1392 6.5840 4.4448
181 1.0261 0.00112876 0.18964 766.31 2583.5 767.47 2778.1 2010.6 2.1489 6.5761 4.4272
182 1.0498 0.00113013 0.18555 770.71 2584.1 771.90 2778.9 2007.0 2.1586 6.5682 4.4096
183 1.0739 0.00113151 0.18157 775.10 2584.8 776.32 2779.8 2003.4 2.1683 6.5603 4.3921
184 1.0985 0.00113290 0.17769 779.51 2585.4 780.75 2780.6 1999.8 2.1779 6.5525 4.3746
185 1.1235 0.00113430 0.17390 783.92 2586.0 785.19 2781.4 1996.2 2.1875 6.5447 4.3571
186 1.1489 0.00113571 0.17021 788.33 2586.6 789.63 2782.2 1992.6 2.1971 6.5369 4.3397
187 1.1748 0.00113713 0.16662 792.73 2587.3 794.07 2783.0 1988.9 2.2067 6.5291 4.3223
188 1.2011 0.00113856 0.16311 797.15 2587.9 798.52 2783.8 1985.3 2.2163 6.5213 4.3050
189 1.2280 0.00114000 0.15969 801.57 2588.4 802.97 2784.5 1981.6 2.2259 6.5136 4.2877
190 1.2552 0.00114145 0.15636 806.00 2589.0 807.43 2785.3 1977.9 2.2355 6.5059 4.2704
191 1.2830 0.00114291 0.15311 810.42 2589.6 811.89 2786.0 1974.1 2.2450 6.4982 4.2532
192 1.3112 0.00114438 0.14994 814.86 2590.1 816.36 2786.7 1970.4 2.2546 6.4906 4.2360
193 1.3399 0.00114586 0.14685 819.29 2590.6 820.83 2787.4 1966.6 2.2641 6.4830 4.2188
194 1.3691 0.00114736 0.14383 823.74 2591.2 825.31 2788.1 1962.8 2.2736 6.4754 4.2017
195 1.3988 0.00114886 0.14089 828.18 2591.7 829.79 2788.8 1959.0 2.2832 6.4678 4.1846
196 1.4290 0.00115037 0.13802 832.64 2592.3 834.28 2789.5 1955.2 2.2926 6.4602 4.1676
197 1.4597 0.00115189 0.13522 837.09 2592.7 838.77 2790.1 1951.4 2.3021 6.4527 4.1505
198 1.4909 0.00115343 0.13248 841.54 2593.3 843.26 2790.8 1947.5 2.3116 6.4451 4.1335
199 1.5227 0.00115497 0.12982 846.00 2593.7 847.76 2791.4 1943.6 2.3211 6.4376 4.1166
200 1.5549 0.00115653 0.12721 850.47 2594.2 852.27 2792.0 1939.7 2.3305 6.4302 4.0996
200 1.5549 0.00115653 0.12721 850.47 2594.2 852.27 2792.0 1939.7 2.3305 6.4302 4.0996
201 1.5877 0.00115809 0.12467 854.94 2594.7 856.78 2792.6 1935.8 2.3400 6.4227 4.0827
202 1.6210 0.00115967 0.12218 859.42 2595.1 861.30 2793.2 1931.9 2.3494 6.4152 4.0658
203 1.6549 0.00116126 0.11976 863.90 2595.5 865.82 2793.7 1927.9 2.3588 6.4078 4.0490
204 1.6893 0.00116286 0.11739 868.39 2596.0 870.35 2794.3 1923.9 2.3683 6.4004 4.0322
205 1.7243 0.00116448 0.11508 872.87 2596.4 874.88 2794.8 1919.9 2.3777 6.3930 4.0154
206 1.7598 0.00116610 0.11282 877.37 2596.8 879.42 2795.3 1915.9 2.3871 6.3856 3.9986
207 1.7959 0.00116774 0.11061 881.86 2597.3 883.96 2795.9 1911.9 2.3964 6.3783 3.9819
208 1.8326 0.00116939 0.10846 886.37 2597.5 888.51 2796.3 1907.8 2.4058 6.3710 3.9651
209 1.8698 0.00117105 0.10635 890.88 2597.9 893.07 2796.8 1903.7 2.4152 6.3636 3.9484
210 1.9077 0.00117272 0.10429 895.39 2598.3 897.63 2797.3 1899.6 2.4245 6.3563 3.9318
211 1.9461 0.00117441 0.10228 899.91 2598.7 902.20 2797.7 1895.5 2.4339 6.3490 3.9151
212 1.9851 0.00117611 0.10031 904.44 2599.0 906.77 2798.1 1891.4 2.4432 6.3417 3.8985
213 2.0247 0.00117782 0.098394 908.97 2599.3 911.35 2798.5 1887.2 2.4526 6.3345 3.8819
214 2.0650 0.00117954 0.096516 913.50 2599.6 915.94 2798.9 1883.0 2.4619 6.3272 3.8653
215 2.1058 0.00118128 0.094679 918.04 2599.9 920.53 2799.3 1878.8 2.4712 6.3200 3.8488
216 2.1473 0.00118303 0.092884 922.58 2600.3 925.12 2799.7 1874.6 2.4805 6.3128 3.8323
217 2.1894 0.00118479 0.091129 927.14 2600.5 929.73 2800.0 1870.3 2.4898 6.3056 3.8158
218 2.2322 0.00118657 0.089413 931.69 2600.7 934.34 2800.3 1866.0 2.4991 6.2984 3.7993
219 2.2756 0.00118836 0.087734 936.26 2601.1 938.96 2800.7 1861.7 2.5084 6.2912 3.7828
220 2.3196 0.00119017 0.086092 940.82 2601.2 943.58 2800.9 1857.4 2.5177 6.2840 3.7663
221 2.3643 0.00119198 0.084486 945.39 2601.4 948.21 2801.2 1853.0 2.5269 6.2768 3.7499
222 2.4096 0.00119382 0.082916 949.97 2601.7 952.85 2801.5 1848.6 2.5362 6.2697 3.7335
223 2.4556 0.00119567 0.081379 954.55 2601.9 957.49 2801.7 1844.2 2.5455 6.2625 3.7171
224 2.5023 0.00119753 0.079875 959.14 2602.0 962.14 2801.9 1839.8 2.5547 6.2554 3.7007
225 2.5497 0.00119940 0.078403 963.74 2602.2 966.80 2802.1 1835.4 2.5640 6.2483 3.6843
226 2.5978 0.00120130 0.076964 968.34 2602.4 971.46 2802.3 1830.9 2.5732 6.2412 3.6680
227 2.6466 0.00120320 0.075554 972.95 2602.5 976.13 2802.5 1826.4 2.5824 6.2341 3.6516
228 2.6960 0.00120512 0.074175 977.56 2602.7 980.81 2802.7 1821.8 2.5917 6.2270 3.6353
229 2.7462 0.00120706 0.072825 982.19 2602.8 985.50 2802.8 1817.3 2.6009 6.2199 3.6190
230 2.7971 0.00120902 0.071503 986.81 2602.9 990.19 2802.9 1812.7 2.6101 6.2128 3.6027
231 2.8487 0.00121098 0.070210 991.44 2603.0 994.89 2803.0 1808.1 2.6193 6.2057 3.5864
232 2.9010 0.00121297 0.068943 996.08 2603.1 999.60 2803.1 1803.5 2.6285 6.1987 3.5702
233 2.9541 0.00121497 0.067702 1000.7 2603.1 1004.3 2803.1 1798.8 2.6377 6.1916 3.5539
234 3.0080 0.00121699 0.066488 1005.3 2603.2 1009.0 2803.2 1794.1 2.6469 6.1845 3.5376
235 3.0625 0.00121902 0.065298 1010.1 2603.2 1013.8 2803.2 1789.4 2.6561 6.1775 3.5214
236 3.1179 0.00122108 0.064133 1014.7 2603.2 1018.5 2803.2 1784.7 2.6653 6.1704 3.5052
237 3.1740 0.00122315 0.062991 1019.4 2603.2 1023.3 2803.1 1779.9 2.6745 6.1634 3.4890
238 3.2308 0.00122523 0.061873 1024.0 2603.2 1028.0 2803.1 1775.1 2.6836 6.1564 3.4727
239 3.2885 0.00122734 0.060778 1028.8 2603.1 1032.8 2803.0 1770.3 2.6928 6.1493 3.4565
240 3.3469 0.00122946 0.059705 1033.5 2603.2 1037.6 2803.0 1765.4 2.7020 6.1423 3.4403
240 3.3469 0.00122946 0.059705 1033.5 2603.2 1037.6 2803.0 1765.4 2.7020 6.1423 3.4403
241 3.4062 0.00123160 0.058654 1038.1 2603.1 1042.3 2802.9 1760.5 2.7111 6.1353 3.4241
242 3.4662 0.00123376 0.057623 1042.8 2603.0 1047.1 2802.7 1755.6 2.7203 6.1282 3.4079
243 3.5270 0.00123594 0.056613 1047.5 2602.9 1051.9 2802.6 1750.7 2.7295 6.1212 3.3918
244 3.5887 0.00123813 0.055624 1052.3 2602.8 1056.7 2802.4 1745.7 2.7386 6.1142 3.3756
245 3.6512 0.00124035 0.054654 1057.0 2602.6 1061.5 2802.2 1740.7 2.7478 6.1072 3.3594
246 3.7145 0.00124259 0.053703 1061.8 2602.5 1066.4 2802.0 1735.6 2.7569 6.1002 3.3432
247 3.7786 0.00124484 0.052771 1066.5 2602.4 1071.2 2801.8 1730.6 2.7661 6.0931 3.3270
248 3.8436 0.00124712 0.051857 1071.3 2602.2 1076.1 2801.5 1725.5 2.7752 6.0861 3.3109
249 3.9095 0.00124941 0.050961 1076.0 2602.0 1080.9 2801.2 1720.3 2.7844 6.0791 3.2947
250 3.9762 0.00125173 0.050083 1080.8 2601.8 1085.8 2800.9 1715.2 2.7935 6.0721 3.2785
251 4.0438 0.00125407 0.049222 1085.5 2601.6 1090.6 2800.6 1710.0 2.8027 6.0650 3.2624
252 4.1122 0.00125643 0.048377 1090.3 2601.4 1095.5 2800.3 1704.7 2.8118 6.0580 3.2462
253 4.1815 0.00125881 0.047548 1095.1 2601.1 1100.4 2799.9 1699.5 2.8210 6.0510 3.2300
254 4.2518 0.00126121 0.046736 1099.9 2600.8 1105.3 2799.5 1694.2 2.8301 6.0439 3.2138
255 4.3229 0.00126364 0.045938 1104.7 2600.5 1110.2 2799.1 1688.8 2.8392 6.0369 3.1977
256 4.3949 0.00126609 0.045156 1109.6 2600.1 1115.2 2798.6 1683.5 2.8484 6.0298 3.1815
257 4.4679 0.00126856 0.044389 1114.4 2599.9 1120.1 2798.2 1678.1 2.8575 6.0228 3.1653
258 4.5417 0.00127106 0.043637 1119.2 2599.5 1125.0 2797.7 1672.6 2.8667 6.0157 3.1491
259 4.6165 0.00127358 0.042898 1124.1 2599.1 1130.0 2797.1 1667.2 2.8758 6.0087 3.1329
260 4.6923 0.00127612 0.042173 1129.0 2598.7 1135.0 2796.6 1661.6 2.8849 6.0016 3.1167
261 4.7689 0.00127869 0.041462 1133.8 2598.3 1139.9 2796.0 1656.1 2.8941 5.9945 3.1004
262 4.8466 0.00128128 0.040764 1138.7 2597.8 1144.9 2795.4 1650.5 2.9032 5.9874 3.0842
263 4.9252 0.00128390 0.040079 1143.6 2597.4 1149.9 2794.8 1644.9 2.9124 5.9804 3.0680
264 5.0047 0.00128655 0.039406 1148.5 2597.0 1154.9 2794.2 1639.2 2.9215 5.9732 3.0517
265 5.0853 0.00128922 0.038746 1153.4 2596.5 1160.0 2793.5 1633.5 2.9307 5.9661 3.0354
266 5.1668 0.00129192 0.038098 1158.3 2596.0 1165.0 2792.8 1627.8 2.9398 5.9590 3.0192
267 5.2494 0.00129465 0.037462 1163.2 2595.4 1170.0 2792.1 1622.0 2.9490 5.9519 3.0029
268 5.3329 0.00129740 0.036837 1168.2 2594.9 1175.1 2791.3 1616.2 2.9582 5.9447 2.9866
269 5.4174 0.00130019 0.036223 1173.2 2594.3 1180.2 2790.5 1610.3 2.9673 5.9376 2.9703
270 5.5030 0.00130300 0.035621 1178.1 2593.7 1185.3 2789.7 1604.4 2.9765 5.9304 2.9539
271 5.5896 0.00130584 0.035029 1183.1 2593.0 1190.4 2788.8 1598.5 2.9857 5.9232 2.9376
272 5.6772 0.00130871 0.034448 1188.1 2592.4 1195.5 2788.0 1592.5 2.9948 5.9160 2.9212
273 5.7659 0.00131161 0.033877 1193.0 2591.8 1200.6 2787.1 1586.5 3.0040 5.9088 2.9048
274 5.8556 0.00131455 0.033317 1198.0 2591.0 1205.7 2786.1 1580.4 3.0132 5.9016 2.8884
275 5.9464 0.00131751 0.032766 1203.1 2590.4 1210.9 2785.2 1574.3 3.0224 5.8944 2.8720
276 6.0383 0.00132051 0.032225 1208.1 2589.6 1216.1 2784.2 1568.1 3.0316 5.8871 2.8555
277 6.1312 0.00132354 0.031693 1213.2 2588.8 1221.3 2783.1 1561.9 3.0408 5.8798 2.8390
278 6.2252 0.00132661 0.031171 1218.1 2588.1 1226.4 2782.1 1555.6 3.0500 5.8725 2.8225
279 6.3203 0.00132971 0.030657 1223.3 2587.2 1231.7 2781.0 1549.3 3.0592 5.8652 2.8060
280 6.4166 0.00133284 0.030153 1228.3 2586.4 1236.9 2779.9 1543.0 3.0685 5.8579 2.7894
280 6.4166 0.00133284 0.030153 1228.3 2586.4 1236.9 2779.9 1543.0 3.0685 5.8579 2.7894
281 6.5139 0.00133602 0.029657 1233.4 2585.5 1242.1 2778.7 1536.6 3.0777 5.8506 2.7729
282 6.6124 0.00133922 0.029169 1238.5 2584.6 1247.4 2777.5 1530.1 3.0869 5.8432 2.7563
283 6.7120 0.00134247 0.028690 1243.7 2583.7 1252.7 2776.3 1523.6 3.0962 5.8358 2.7396
284 6.8128 0.00134575 0.028219 1248.7 2582.7 1257.9 2775.0 1517.1 3.1054 5.8284 2.7229
285 6.9147 0.00134907 0.027756 1253.9 2581.8 1263.2 2773.7 1510.5 3.1147 5.8209 2.7062
286 7.0177 0.00135243 0.027301 1259.1 2580.8 1268.6 2772.4 1503.8 3.1240 5.8135 2.6895
287 7.1220 0.00135584 0.026853 1264.2 2579.8 1273.9 2771.0 1497.1 3.1333 5.8060 2.6727
288 7.2274 0.00135928 0.026413 1269.5 2578.7 1279.3 2769.6 1490.4 3.1426 5.7985 2.6559
289 7.3340 0.00136277 0.025981 1274.6 2577.7 1284.6 2768.2 1483.5 3.1519 5.7909 2.6390
290 7.4418 0.00136630 0.025555 1279.8 2576.5 1290.0 2766.7 1476.7 3.1612 5.7834 2.6222
291 7.5508 0.00136987 0.025136 1285.1 2575.4 1295.4 2765.2 1469.7 3.1705 5.7758 2.6052
292 7.6610 0.00137349 0.024724 1290.4 2574.2 1300.9 2763.6 1462.7 3.1799 5.7681 2.5883
293 7.7725 0.00137716 0.024319 1295.6 2573.0 1306.3 2762.0 1455.7 3.1892 5.7605 2.5712
294 7.8852 0.00138087 0.023921 1300.9 2571.8 1311.8 2760.4 1448.6 3.1986 5.7528 2.5542
295 7.9991 0.00138464 0.023529 1306.2 2570.5 1317.3 2758.7 1441.4 3.2080 5.7451 2.5371
296 8.1143 0.00138845 0.023143 1311.5 2569.2 1322.8 2757.0 1434.2 3.2174 5.7373 2.5199
297 8.2308 0.00139231 0.022763 1316.8 2567.8 1328.3 2755.2 1426.9 3.2268 5.7295 2.5027
298 8.3485 0.00139623 0.022390 1322.1 2566.5 1333.8 2753.4 1419.5 3.2362 5.7217 2.4854
299 8.4676 0.00140020 0.022022 1327.5 2565.0 1339.4 2751.5 1412.1 3.2457 5.7138 2.4681
300 8.5879 0.00140423 0.021660 1332.9 2563.6 1345.0 2749.6 1404.6 3.2552 5.7059 2.4507
301 8.7095 0.00140831 0.021304 1338.3 2562.2 1350.6 2747.7 1397.1 3.2647 5.6979 2.4333
302 8.8325 0.00141245 0.020953 1343.8 2560.6 1356.3 2745.7 1389.4 3.2742 5.6899 2.4158
303 8.9568 0.00141665 0.020608 1349.2 2559.1 1361.9 2743.7 1381.7 3.2837 5.6819 2.3982
304 9.0824 0.00142091 0.020268 1354.7 2557.5 1367.6 2741.6 1374.0 3.2932 5.6738 2.3806
305 9.2094 0.00142524 0.019933 1360.2 2555.8 1373.3 2739.4 1366.1 3.3028 5.6657 2.3629
306 9.3378 0.00142963 0.019604 1365.7 2554.1 1379.0 2737.2 1358.2 3.3124 5.6575 2.3452
307 9.4675 0.00143408 0.019279 1371.2 2552.5 1384.8 2735.0 1350.2 3.3220 5.6493 2.3273
308 9.5986 0.00143861 0.018960 1376.8 2550.7 1390.6 2732.7 1342.1 3.3316 5.6411 2.3094
309 9.7311 0.00144320 0.018645 1382.4 2549.0 1396.4 2730.4 1334.0 3.3413 5.6327 2.2915
310 9.8651 0.00144787 0.018335 1387.9 2547.0 1402.2 2727.9 1325.7 3.3510 5.6244 2.2734
311 10.000 0.00145261 0.018029 1393.6 2545.2 1408.1 2725.5 1317.4 3.3607 5.6159 2.2553
312 10.137 0.00145743 0.017728 1399.2 2543.3 1414.0 2723.0 1309.0 3.3704 5.6074 2.2370
313 10.275 0.00146232 0.017431 1404.9 2541.3 1419.9 2720.4 1300.5 3.3802 5.5989 2.2187
314 10.415 0.00146730 0.017139 1410.5 2539.3 1425.8 2717.8 1291.9 3.3900 5.5903 2.2003
315 10.556 0.00147236 0.016851 1416.3 2537.2 1431.8 2715.1 1283.2 3.3998 5.5816 2.1818
316 10.699 0.00147751 0.016567 1422.0 2535.0 1437.8 2712.3 1274.5 3.4097 5.5729 2.1632
317 10.843 0.00148275 0.016287 1427.8 2532.9 1443.9 2709.5 1265.6 3.4195 5.5641 2.1445
318 10.989 0.00148809 0.016011 1433.6 2530.7 1450.0 2706.6 1256.6 3.4295 5.5552 2.1257
319 11.136 0.00149351 0.015739 1439.5 2528.3 1456.1 2703.6 1247.5 3.4394 5.5462 2.1068
320 11.284 0.00149904 0.015471 1445.3 2526.0 1462.2 2700.6 1238.4 3.4494 5.5372 2.0878
320 11.284 0.00149904 0.015471 1445.3 2526.0 1462.2 2700.6 1238.4 3.4494 5.5372 2.0878
321 11.434 0.00150467 0.015206 1451.2 2523.6 1468.4 2697.5 1229.1 3.4595 5.5281 2.0686
322 11.586 0.00151040 0.014945 1457.1 2521.1 1474.6 2694.3 1219.7 3.4695 5.5189 2.0494
323 11.740 0.00151625 0.014688 1463.1 2518.7 1480.9 2691.1 1210.2 3.4797 5.5096 2.0300
324 11.895 0.00152221 0.014434 1469.1 2516.0 1487.2 2687.7 1200.6 3.4898 5.5003 2.0105
325 12.051 0.00152829 0.014183 1475.1 2513.4 1493.5 2684.3 1190.8 3.5000 5.4908 1.9908
326 12.209 0.00153449 0.013936 1481.2 2510.7 1499.9 2680.8 1180.9 3.5103 5.4813 1.9710
327 12.369 0.00154081 0.013692 1487.2 2507.9 1506.3 2677.3 1170.9 3.5206 5.4717 1.9511
328 12.530 0.00154727 0.013451 1493.4 2505.1 1512.8 2673.6 1160.8 3.5309 5.4619 1.9310
329 12.693 0.00155387 0.013213 1499.6 2502.2 1519.3 2669.9 1150.6 3.5413 5.4521 1.9108
330 12.858 0.00156061 0.012979 1505.8 2499.1 1525.9 2666.0 1140.2 3.5518 5.4422 1.8903
331 13.024 0.00156751 0.012747 1512.1 2496.1 1532.5 2662.1 1129.6 3.5623 5.4321 1.8698
332 13.193 0.00157456 0.012518 1518.3 2493.0 1539.1 2658.1 1118.9 3.5729 5.4219 1.8490
333 13.362 0.00158177 0.012292 1524.8 2489.7 1545.9 2653.9 1108.1 3.5835 5.4116 1.8281
334 13.534 0.00158915 0.012068 1531.1 2486.4 1552.6 2649.7 1097.1 3.5943 5.4012 1.8069
335 13.707 0.00159671 0.011847 1537.6 2483.0 1559.5 2645.4 1085.9 3.6050 5.3906 1.7856
336 13.882 0.00160447 0.011629 1544.0 2479.5 1566.3 2640.9 1074.6 3.6159 5.3799 1.7640
337 14.059 0.00161241 0.011413 1550.6 2475.8 1573.3 2636.3 1063.0 3.6268 5.3691 1.7422
338 14.238 0.00162057 0.011200 1557.2 2472.1 1580.3 2631.6 1051.3 3.6378 5.3581 1.7202
339 14.418 0.00162895 0.010989 1563.9 2468.4 1587.4 2626.8 1039.4 3.6489 5.3469 1.6980
340 14.601 0.00163755 0.010781 1570.6 2464.4 1594.5 2621.8 1027.3 3.6601 5.3356 1.6755
341 14.785 0.00164640 0.010574 1577.5 2460.5 1601.8 2616.8 1015.0 3.6714 5.3241 1.6527
342 14.971 0.00165551 0.010370 1584.3 2456.3 1609.1 2611.5 1002.5 3.6828 5.3124 1.6296
343 15.159 0.00166490 0.010168 1591.2 2452.0 1616.4 2606.1 989.7 3.6943 5.3005 1.6063
344 15.349 0.00167457 0.0099674 1598.2 2447.6 1623.9 2600.6 976.7 3.7059 5.2885 1.5826
345 15.541 0.00168456 0.0097690 1605.3 2443.1 1631.5 2594.9 963.4 3.7176 5.2762 1.5586
346 15.734 0.00169488 0.0095724 1612.4 2438.4 1639.1 2589.0 949.9 3.7295 5.2636 1.5342
347 15.930 0.00170556 0.0093776 1619.7 2433.6 1646.9 2583.0 936.1 3.7414 5.2509 1.5094
348 16.128 0.00171662 0.0091844 1627.1 2428.6 1654.8 2576.7 922.0 3.7536 5.2379 1.4843
349 16.328 0.00172810 0.0089927 1634.6 2423.5 1662.8 2570.3 907.5 3.7659 5.2246 1.4587
350 16.529 0.00174002 0.0088024 1642.1 2418.1 1670.9 2563.6 892.7 3.7784 5.2110 1.4326
351 16.733 0.00175243 0.0086134 1649.8 2412.7 1679.1 2556.8 877.6 3.7910 5.1971 1.4061
352 16.939 0.00176536 0.0084257 1657.6 2406.9 1687.5 2549.6 862.1 3.8039 5.1829 1.3790
353 17.147 0.00177888 0.0082390 1665.6 2401.0 1696.1 2542.3 846.2 3.8170 5.1683 1.3514
354 17.358 0.00179302 0.0080533 1673.7 2394.8 1704.8 2534.6 829.8 3.8303 5.1534 1.3231
355 17.570 0.00180786 0.0078684 1681.9 2388.4 1713.7 2526.6 812.9 3.8439 5.1380 1.2942
356 17.785 0.00182347 0.0076841 1690.4 2381.7 1722.8 2518.4 795.5 3.8577 5.1222 1.2645
357 18.002 0.00183993 0.0075003 1699.1 2374.8 1732.2 2509.8 777.6 3.8719 5.1059 1.2340
358 18.221 0.00185733 0.0073168 1707.9 2367.5 1741.7 2500.8 759.0 3.8864 5.0891 1.2026
359 18.442 0.00187578 0.0071332 1716.9 2359.8 1751.5 2491.4 739.8 3.9014 5.0717 1.1703
360 18.666 0.00189541 0.0069493 1726.3 2351.8 1761.7 2481.5 719.8 3.9167 5.0536 1.1369
360 18.666 0.00189541 0.0069493 1726.3 2351.8 1761.7 2481.5 719.8 3.9167 5.0536 1.1369
361 18.892 0.00191635 0.0067649 1735.9 2343.3 1772.1 2471.1 699.0 3.9325 5.0347 1.1023
362 19.121 0.00193879 0.0065795 1745.8 2334.4 1782.9 2460.2 677.3 3.9488 5.0151 1.0663
363 19.352 0.00196290 0.0063925 1756.1 2324.9 1794.1 2448.6 654.5 3.9656 4.9945 1.0288
364 19.585 0.00198894 0.0062035 1766.7 2314.7 1805.7 2436.2 630.5 3.9831 4.9727 0.9896
365 19.821 0.0020172 0.0060115 1777.8 2303.7 1817.8 2422.9 605.2 4.0014 4.9497 0.9483
366 20.060 0.0020480 0.0058157 1789.4 2292.0 1830.5 2408.7 578.2 4.0205 4.9251 0.9046
367 20.302 0.0020821 0.0056145 1801.5 2279.1 1843.8 2393.1 549.2 4.0406 4.8986 0.8580
368 20.546 0.0021201 0.0054061 1814.5 2264.8 1858.1 2375.9 517.8 4.0621 4.8697 0.8076
369 20.793 0.0021636 0.0051875 1828.5 2248.7 1873.5 2356.6 483.1 4.0853 4.8376 0.7523
370 21.044 0.0022152 0.0049544 1844.1 2230.2 1890.7 2334.5 443.8 4.1112 4.8012 0.6901
371 21.297 0.0022798 0.0046995 1862.0 2208.2 1910.6 2308.3 397.7 4.1412 4.7586 0.6175
372 21.554 0.0023682 0.0044084 1884.3 2180.5 1935.3 2275.5 340.3 4.1785 4.7059 0.5274
373 21.814 0.0025083 0.0040450 1915.0 2141.6 1969.7 2229.8 260.1 4.2308 4.6334 0.4026
373.946 22.064 0.0031056 0.0031056 2015.8 2015.8 2084.3 2084.3 0 4.4070 4.4070 0